%YAML:1.0
# Input-output configuration
input: [848, 800]
output: [848, 800]

# Camera calibration parameter
K1: !!opencv-matrix
   rows: 3
   cols: 3
   dt: d
   data: [ 284.676605224609, 0.0, 425.247100830078,
           0.0, 285.666290283203, 399.171508789062,
           0.0, 0.0, 1.0 ]
D1: !!opencv-matrix
   rows: 1
   cols: 4
   dt: d
   data: [ -0.000836699386127293, 0.0344514586031437, -0.0331828892230988, 0.0052711428143084 ]
K2: !!opencv-matrix
   rows: 3
   cols: 3
   dt: d
   data: [ 284.605590820312, 0.0, 424.943511962891,
           0.0, 285.750305175781, 391.187713623047,
           0.0, 0.0, 1.0 ]
D2: !!opencv-matrix
   rows: 1
   cols: 4
   dt: d
   data: [-0.000487226614495739, 0.0340488702058792, -0.0326827093958855, 0.00503687001764774]
R: !!opencv-matrix
   rows: 3
   cols: 3
   dt: d
   data: [0.999985, -0.00271923, -0.00480137,
            0.00273511, 0.999991, 0.00330407,
            0.00479235, -0.00331715, 0.999983 ]
T: [ -0.0641280710697174, -6.94049231242388e-05, 6.01383617322426e-05 ]
